0 : (10391, 10390, 10389)
1 : (51, 50, 49)
2 : (3595, 3594, 3593)
3 : (383, 382, 381)
4 : (15302, 15301, 15300)
5 : (2465, 2464, 2463)
6 : (746, 745, 744)
7 : (3249, 3248, 3247)
8 : (5377, 5376, 5375)
9 : (2581, 2580, 2579)
10 : (3868, 3867, 3866)
11 : (1976, 1975, 1974)
12 : (2904, 2903, 2902)
13 : (1426, 1425, 1424)
14 : (1587, 1586, 1585)
15 : (886, 885, 884)
16 : (452, 451, 450)
17 : (1223, 1222, 1221)
18 : (3404, 3403, 3402)
19 : (7288, 7287, 7286)
20 : (552, 551, 550)
21 : (539, 538, 537)
22 : (884, 883, 882)
23 : (1329, 1328, 1327)
24 : (879, 878, 877)
25 : (1274, 1273, 1272)
26 : (1408, 1407, 1406)
27 : (533, 532, 531)
28 : (2905, 2904, 2903)
29 : (277, 276, 275)
30 : (300, 299, 298)
31 : (2922, 2921, 2920)
32 : (6031, 6030, 6029)
33 : (4913, 4912, 4911)
34 : (5249, 5248, 5247)
35 : (5249, 5248, 5247)
36 : (957, 956, 955)
37 : (2381, 2380, 2379)
38 : (7603, 7602, 7601)
39 : (3249, 3248, 3247)
40 : (803, 802, 801)
41 : (1313, 1312, 1311)
42 : (3398, 3397, 3396)
43 : (2111, 2110, 2109)
44 : (8220, 8219, 8218)
45 : (2373, 2372, 2371)
46 : (1768, 1767, 1766)
47 : (188, 187, 186)
48 : (1791, 1790, 1789)
49 : (571, 570, 569)
50 : (1567, 1566, 1565)
51 : (1530, 1529, 1528)
52 : (1453, 1452, 1451)
53 : (1635, 1634, 1633)
54 : (349, 348, 347)
55 : (754, 753, 752)
56 : (5706, 5705, 5704)
57 : (468, 467, 466)
58 : (170, 169, 168)
59 : (519, 518, 517)
60 : (3079, 3078, 3077)
61 : (482, 481, 480)
62 : (852, 851, 850)
63 : (6029, 6028, 6027)
64 : (1317, 1316, 1315)
65 : (370, 369, 368)
66 : (6103, 6102, 6101)
67 : (482, 481, 480)
68 : (71, 70, 69)
69 : (232, 231, 230)
70 : (202, 201, 200)
71 : (60, 59, 58)
72 : (491, 490, 489)
73 : (2489, 2488, 2487)
74 : (5888, 5887, 5886)
75 : (2643, 2642, 2641)
76 : (3223, 3222, 3221)
77 : (932, 931, 930)
78 : (2858, 2857, 2856)
79 : (3512, 3511, 3510)
80 : (4151, 4150, 4149)
81 : (3903, 3902, 3901)
82 : (4530, 4529, 4528)
83 : (1922, 1921, 1920)
84 : (1186, 1185, 1184)
85 : (8220, 8219, 8218)
86 : (7200, 7199, 7198)
87 : (3599, 3598, 3597)
88 : (2883, 2882, 2881)
89 : (2555, 2554, 2553)
90 : (8247, 8246, 8245)
91 : (3908, 3907, 3906)
92 : (637, 636, 635)
93 : (2500, 2499, 2498)
94 : (6659, 6658, 6657)
95 : (1591, 1590, 1589)
96 : (1024, 1023, 1022)
97 : (5277, 5276, 5275)
98 : (7937, 7936, 7935)
99 : (2938, 2937, 2936)
100 : (1348, 1347, 1346)
101 : (470, 469, 468)
102 : (2485, 2484, 2483)
103 : (959, 958, 957)
104 : (616, 615, 614)
105 : (584, 583, 582)
106 : (7081, 7080, 7079)
107 : (667, 666, 665)
108 : (2146, 2145, 2144)
109 : (582, 581, 580)
110 : (4106, 4105, 4104)
111 : (2243, 2242, 2241)
112 : (1693, 1692, 1691)
113 : (33, 32, 31)
114 : (1833, 1832, 1831)
115 : (514, 513, 512)
116 : (3261, 3260, 3259)
117 : (1643, 1642, 1641)
118 : (1715, 1714, 1713)
119 : (1392, 1391, 1390)
120 : (1333, 1332, 1331)
121 : (2331, 2330, 2329)
122 : (3943, 3942, 3941)
123 : (2532, 2531, 2530)
124 : (1787, 1786, 1785)
125 : (1206, 1205, 1204)
126 : (753, 752, 751)
127 : (381, 380, 379)
128 : (954, 953, 952)
129 : (1437, 1436, 1435)
130 : (159, 158, 157)
131 : (1973, 1972, 1971)
132 : (1628, 1627, 1626)
133 : (379, 378, 377)
134 : (59, 58, 57)
135 : (685, 684, 683)
136 : (2465, 2464, 2463)
137 : (617, 616, 615)
138 : (3704, 3703, 3702)
139 : (924, 923, 922)
140 : (727, 726, 725)
141 : (729, 728, 727)
142 : (746, 745, 744)
143 : (5277, 5276, 5275)
144 : (2837, 2836, 2835)
145 : (1460, 1459, 1458)
146 : (2175, 2174, 2173)
147 : (3329, 3328, 3327)
148 : (433, 432, 431)
149 : (1551, 1550, 1549)
150 : (123, 122, 121)
151 : (289, 288, 287)
152 : (2019, 2018, 2017)
153 : (63, 62, 61)
154 : (109, 108, 107)
155 : (729, 728, 727)
156 : (1227, 1226, 1225)
157 : (939, 938, 937)
158 : (332, 331, 330)
159 : (3231, 3230, 3229)
160 : (144, 143, 142)
161 : (1268, 1267, 1266)
162 : (895, 894, 893)
163 : (2076, 2075, 2074)
164 : (954, 953, 952)
165 : (4197, 4196, 4195)
166 : (521, 520, 519)
167 : (5730, 5729, 5728)
168 : (447, 446, 445)
169 : (1313, 1312, 1311)
170 : (1112, 1111, 1110)
171 : (1598, 1597, 1596)
172 : (1958, 1957, 1956)
173 : (959, 958, 957)
174 : (3335, 3334, 3333)
175 : (1796, 1795, 1794)
176 : (7196, 7195, 7194)
177 : (1082, 1081, 1080)
178 : (4117, 4116, 4115)
179 : (1615, 1614, 1613)
180 : (796, 795, 794)
181 : (194, 193, 192)
182 : (4253, 4252, 4251)
183 : (10742, 10741, 10740)
184 : (6904, 6903, 6902)
185 : (1671, 1670, 1669)
186 : (2179, 2178, 2177)
187 : (515, 514, 513)
188 : (940, 939, 938)
189 : (625, 624, 623)
190 : (789, 788, 787)
191 : (778, 777, 776)
192 : (298, 297, 296)
193 : (429, 428, 427)
194 : (275, 274, 273)
195 : (459, 458, 457)
196 : (920, 919, 918)
197 : (399, 398, 397)
198 : (841, 840, 839)
199 : (2026, 2025, 2024)
200 : (514, 513, 512)
201 : (783, 782, 781)
202 : (8542, 8541, 8540)
203 : (3428, 3427, 3426)
204 : (14044, 14043, 14042)
205 : (285, 284, 283)
206 : (1431, 1430, 1429)
207 : (2382, 2381, 2380)
208 : (13035, 13034, 13033)
209 : (2402, 2401, 2400)
210 : (3753, 3752, 3751)
211 : (1231, 1230, 1229)
212 : (746, 745, 744)
213 : (1690, 1689, 1688)
214 : (1026, 1025, 1024)
215 : (1071, 1070, 1069)
216 : (667, 666, 665)
217 : (1359, 1358, 1357)
218 : (955, 954, 953)
219 : (866, 865, 864)
220 : (1156, 1155, 1154)
221 : (886, 885, 884)
222 : (7081, 7080, 7079)
223 : (263, 262, 261)
224 : (993, 992, 991)
225 : (309, 308, 307)
226 : (1116, 1115, 1114)
227 : (2175, 2174, 2173)
228 : (6010, 6009, 6008)
229 : (550, 549, 548)
230 : (2485, 2484, 2483)
231 : (4110, 4109, 4108)
232 : (5314, 5313, 5312)
233 : (4451, 4450, 4449)
234 : (3426, 3425, 3424)
235 : (3398, 3397, 3396)
236 : (1471, 1470, 1469)
237 : (8542, 8541, 8540)
238 : (2619, 2618, 2617)
239 : (4613, 4612, 4611)
240 : (227, 226, 225)
241 : (1426, 1425, 1424)
242 : (720, 719, 718)
243 : (11256, 11255, 11254)
244 : (4432, 4431, 4430)
245 : (2699, 2698, 2697)
246 : (1316, 1315, 1314)
247 : (1499, 1498, 1497)
248 : (6029, 6028, 6027)
249 : (4086, 4085, 4084)
250 : (7247, 7246, 7245)
251 : (81, 80, 79)
252 : (2465, 2464, 2463)
253 : (433, 432, 431)
254 : (5706, 5705, 5704)
255 : (152, 151, 150)
256 : (2616, 2615, 2614)
257 : (2432, 2431, 2430)
258 : (2175, 2174, 2173)
259 : (1549, 1548, 1547)
260 : (828, 827, 826)
261 : (4200, 4199, 4198)
262 : (1652, 1651, 1650)
263 : (1178, 1177, 1176)
264 : (1754, 1753, 1752)
265 : (4556, 4555, 4554)
266 : (4207, 4206, 4205)
267 : (3194, 3193, 3192)
268 : (8199, 8198, 8197)
269 : (2824, 2823, 2822)
270 : (2124, 2123, 2122)
271 : (2635, 2634, 2633)
272 : (320, 319, 318)
273 : (1645, 1644, 1643)
274 : (621, 620, 619)
275 : (515, 514, 513)
276 : (1660, 1659, 1658)
277 : (2368, 2367, 2366)
278 : (2475, 2474, 2473)
279 : (8693, 8692, 8691)
280 : (178, 177, 176)
281 : (356, 355, 354)
282 : (40, 39, 38)
283 : (746, 745, 744)
284 : (104, 103, 102)
285 : (789, 788, 787)
286 : (459, 458, 457)
287 : (3978, 3977, 3976)
288 : (10513, 10512, 10511)
289 : (2646, 2645, 2644)
290 : (4490, 4489, 4488)
291 : (2384, 2383, 2382)
292 : (5140, 5139, 5138)
293 : (7833, 7832, 7831)
294 : (4985, 4984, 4983)
295 : (5674, 5673, 5672)
296 : (2470, 2469, 2468)
297 : (4291, 4290, 4289)
298 : (522, 521, 520)
299 : (2858, 2857, 2856)
300 : (452, 451, 450)
301 : (1001, 1000, 999)
302 : (962, 961, 960)
303 : (2146, 2145, 2144)
304 : (12836, 12835, 12834)
305 : (2331, 2330, 2329)
306 : (22, 21, 20)
307 : (6, 5, 4)
308 : (1727, 1726, 1725)
309 : (3964, 3963, 3962)
310 : (1384, 1383, 1382)
311 : (14083, 14082, 14081)
312 : (625, 624, 623)
313 : (616, 615, 614)
314 : (1671, 1670, 1669)
315 : (1763, 1762, 1761)
316 : (1157, 1156, 1155)
317 : (452, 451, 450)
318 : (3116, 3115, 3114)
319 : (6501, 6500, 6499)
320 : (1071, 1070, 1069)
321 : (1414, 1413, 1412)
322 : (4175, 4174, 4173)
323 : (12459, 12458, 12457)
324 : (10804, 10803, 10802)
325 : (9633, 9632, 9631)
326 : (6550, 6549, 6548)
327 : (3855, 3854, 3853)
328 : (7104, 7103, 7102)
329 : (2271, 2270, 2269)
330 : (10612, 10611, 10610)
331 : (2283, 2282, 2281)
332 : (453, 452, 451)
333 : (2753, 2752, 2751)
334 : (1813, 1812, 1811)
335 : (15498, 15497, 15496)
336 : (1823, 1822, 1821)
337 : (11114, 11113, 11112)
338 : (1585, 1584, 1583)
339 : (2863, 2862, 2861)
340 : (900, 899, 898)
341 : (3235, 3234, 3233)
342 : (725, 724, 723)
343 : (2201, 2200, 2199)
344 : (7990, 7989, 7988)
345 : (2843, 2842, 2841)
346 : (1808, 1807, 1806)
347 : (984, 983, 982)
348 : (11897, 11896, 11895)
349 : (1912, 1911, 1910)
350 : (4259, 4258, 4257)
351 : (2354, 2353, 2352)
352 : (1119, 1118, 1117)
353 : (1205, 1204, 1203)
354 : (3498, 3497, 3496)
355 : (12226, 12225, 12224)
356 : (7986, 7985, 7984)
357 : (3737, 3736, 3735)
358 : (76, 75, 74)
359 : (1437, 1436, 1435)
360 : (12973, 12972, 12971)
361 : (954, 953, 952)
362 : (1097, 1096, 1095)
363 : (244, 243, 242)
364 : (1185, 1184, 1183)
365 : (1311, 1310, 1309)
366 : (8500, 8499, 8498)
367 : (4861, 4860, 4859)
368 : (1866, 1865, 1864)
369 : (1214, 1213, 1212)
370 : (16339, 16338, 16337)
371 : (727, 726, 725)
372 : (303, 302, 301)
373 : (1930, 1929, 1928)
374 : (12062, 12061, 12060)
375 : (9422, 9421, 9420)
376 : (2622, 2621, 2620)
377 : (8068, 8067, 8066)
378 : (6998, 6997, 6996)
379 : (6098, 6097, 6096)
380 : (872, 871, 870)
381 : (2149, 2148, 2147)
382 : (7191, 7190, 7189)
383 : (2857, 2856, 2855)
384 : (1427, 1426, 1425)
385 : (7063, 7062, 7061)
386 : (1908, 1907, 1906)
387 : (3086, 3085, 3084)
388 : (522, 521, 520)
389 : (1116, 1115, 1114)
390 : (1771, 1770, 1769)
391 : (1362, 1361, 1360)
392 : (852, 851, 850)
393 : (344, 343, 342)
394 : (2551, 2550, 2549)
395 : (1846, 1845, 1844)
396 : (606, 605, 604)
397 : (3389, 3388, 3387)
398 : (878, 877, 876)
399 : (883, 882, 881)
400 : (710, 709, 708)
401 : (857, 856, 855)
402 : (2591, 2590, 2589)
403 : (2860, 2859, 2858)
404 : (1701, 1700, 1699)
405 : (429, 428, 427)
406 : (8751, 8750, 8749)
407 : (2425, 2424, 2423)
408 : (1130, 1129, 1128)
409 : (591, 590, 589)
410 : (528, 527, 526)
411 : (1231, 1230, 1229)
412 : (857, 856, 855)
413 : (1223, 1222, 1221)
414 : (963, 962, 961)
415 : (1412, 1411, 1410)
416 : (809, 808, 807)
417 : (22, 21, 20)
418 : (2300, 2299, 2298)
419 : (625, 624, 623)
420 : (1671, 1670, 1669)
421 : (50, 49, 48)
422 : (920, 919, 918)
423 : (778, 777, 776)
424 : (422, 421, 420)
425 : (364, 363, 362)
426 : (1937, 1936, 1935)
427 : (710, 709, 708)
428 : (1693, 1692, 1691)
429 : (8023, 8022, 8021)
430 : (4754, 4753, 4752)
431 : (6630, 6629, 6628)
432 : (2412, 2411, 2410)
433 : (476, 475, 474)
434 : (490, 489, 488)
435 : (958, 957, 956)
436 : (2470, 2469, 2468)
437 : (278, 277, 276)
438 : (2713, 2712, 2711)
439 : (6197, 6196, 6195)
440 : (912, 911, 910)
441 : (3057, 3056, 3055)
442 : (202, 201, 200)
443 : (6184, 6183, 6182)
444 : (2149, 2148, 2147)
445 : (859, 858, 857)
446 : (82, 81, 80)
447 : (370, 369, 368)
448 : (613, 612, 611)
449 : (1483, 1482, 1481)
450 : (4936, 4935, 4934)
451 : (3736, 3735, 3734)
452 : (1347, 1346, 1345)
453 : (5519, 5518, 5517)
454 : (1587, 1586, 1585)
455 : (5837, 5836, 5835)
456 : (2366, 2365, 2364)
457 : (1718, 1717, 1716)
458 : (338, 337, 336)
459 : (2267, 2266, 2265)
460 : (2124, 2123, 2122)
461 : (8616, 8615, 8614)
462 : (6750, 6749, 6748)
463 : (2149, 2148, 2147)
464 : (1000, 999, 998)
465 : (138, 137, 136)
466 : (644, 643, 642)
467 : (10415, 10414, 10413)
468 : (1161, 1160, 1159)
469 : (77, 76, 75)
470 : (2512, 2511, 2510)
471 : (10553, 10552, 10551)
472 : (555, 554, 553)
473 : (89, 88, 87)
474 : (6518, 6517, 6516)
475 : (2050, 2049, 2048)
476 : (394, 393, 392)
477 : (2181, 2180, 2179)
478 : (3145, 3144, 3143)
479 : (1566, 1565, 1564)
480 : (511, 510, 509)
481 : (133, 132, 131)
482 : (778, 777, 776)
483 : (1191, 1190, 1189)
484 : (208, 207, 206)
485 : (650, 649, 648)
486 : (383, 382, 381)
487 : (76, 75, 74)
488 : (79, 78, 77)
489 : (65, 64, 63)
490 : (42, 41, 40)
491 : (429, 428, 427)
492 : (438, 437, 436)
493 : (824, 823, 822)
494 : (87, 86, 85)
495 : (761, 760, 759)
496 : (2308, 2307, 2306)
497 : (550, 549, 548)
498 : (582, 581, 580)
499 : (861, 860, 859)
500 : (402, 401, 400)
501 : (182, 181, 180)
502 : (1687, 1686, 1685)
503 : (10391, 10390, 10389)
504 : (68, 67, 66)
505 : (15, 14, 13)
506 : (93, 92, 91)
507 : (40, 39, 38)
508 : (1222, 1221, 1220)
509 : (286, 285, 284)
510 : (106, 105, 104)
511 : (1002, 1001, 1000)
512 : (19, 18, 17)
513 : (534, 533, 532)
514 : (9, 8, 7)
515 : (39, 38, 37)
516 : (22, 21, 20)
517 : (120, 119, 118)
518 : (463, 462, 461)
519 : (356, 355, 354)
520 : (9, 8, 7)
521 : (108, 107, 106)
522 : (3640, 3639, 3638)
523 : (50, 49, 48)
524 : (810, 809, 808)
525 : (782, 781, 780)
526 : (221, 220, 219)
527 : (3371, 3370, 3369)
528 : (9167, 9166, 9165)
529 : (8, 7, 6)
530 : (910, 909, 908)
531 : (64, 63, 62)
532 : (103, 102, 101)
533 : (1240, 1239, 1238)
534 : (181, 180, 179)
535 : (890, 889, 888)
536 : (743, 742, 741)
537 : (1813, 1812, 1811)
538 : (5425, 5424, 5423)
539 : (524, 523, 522)
540 : (1106, 1105, 1104)
541 : (64, 63, 62)
542 : (467, 466, 465)
543 : (883, 882, 881)
544 : (85, 84, 83)
545 : (522, 521, 520)
546 : (1740, 1739, 1738)
547 : (44, 43, 42)
548 : (727, 726, 725)
549 : (545, 544, 543)
550 : (209, 208, 207)
551 : (692, 691, 690)
552 : (2027, 2026, 2025)
553 : (415, 414, 413)
554 : (490, 489, 488)
555 : (122, 121, 120)
556 : (329, 328, 327)
557 : (409, 408, 407)
558 : (832, 831, 830)
559 : (1111, 1110, 1109)
560 : (790, 789, 788)
561 : (110, 109, 108)
562 : (650, 649, 648)
563 : (85, 84, 83)
564 : (1053, 1052, 1051)
565 : (703, 702, 701)
566 : (92, 91, 90)
567 : (183, 182, 181)
568 : (224, 223, 222)
569 : (427, 426, 425)
570 : (55, 54, 53)
571 : (63, 62, 61)
572 : (132, 131, 130)
573 : (213, 212, 211)
574 : (74, 73, 72)
575 : (108, 107, 106)
576 : (133, 132, 131)
577 : (765, 764, 763)
578 : (762, 761, 760)
579 : (2386, 2385, 2384)
580 : (1211, 1210, 1209)
581 : (1324, 1323, 1322)
582 : (340, 339, 338)
583 : (440, 439, 438)
584 : (678, 677, 676)
585 : (6932, 6931, 6930)
586 : (282, 281, 280)
587 : (1868, 1867, 1866)
588 : (1218, 1217, 1216)
589 : (147, 146, 145)
590 : (272, 271, 270)
591 : (1042, 1041, 1040)
592 : (298, 297, 296)
593 : (446, 445, 444)
594 : (632, 631, 630)
595 : (3576, 3575, 3574)
596 : (1740, 1739, 1738)
597 : (370, 369, 368)
598 : (164, 163, 162)
599 : (232, 231, 230)
600 : (42, 41, 40)
601 : (308, 307, 306)
602 : (271, 270, 269)
603 : (1778, 1777, 1776)
604 : (192, 191, 190)
605 : (752, 751, 750)
606 : (349, 348, 347)
607 : (664, 663, 662)
608 : (383, 382, 381)
609 : (712, 711, 710)
610 : (1060, 1059, 1058)
611 : (136, 135, 134)
612 : (112, 111, 110)
613 : (155, 154, 153)
614 : (458, 457, 456)
615 : (705, 704, 703)
616 : (75, 74, 73)
617 : (665, 664, 663)
618 : (133, 132, 131)
619 : (723, 722, 721)
620 : (4028, 4027, 4026)
621 : (95, 94, 93)
622 : (46, 45, 44)
623 : (62, 61, 60)
624 : (402, 401, 400)
625 : (323, 322, 321)
626 : (193, 192, 191)
627 : (328, 327, 326)
628 : (2711, 2710, 2709)
629 : (1858, 1857, 1856)
630 : (1784, 1783, 1782)
631 : (194, 193, 192)
632 : (442, 441, 440)
633 : (668, 667, 666)
634 : (415, 414, 413)
635 : (211, 210, 209)
636 : (400, 399, 398)
637 : (19, 18, 17)
638 : (1970, 1969, 1968)
639 : (765, 764, 763)
640 : (642, 641, 640)
641 : (446, 445, 444)
642 : (6381, 6380, 6379)
643 : (20847, 20846, 20845)
644 : (202, 201, 200)
645 : (5520, 5519, 5518)
646 : (5991, 5990, 5989)
647 : (2058, 2057, 2056)
648 : (275, 274, 273)
649 : (5953, 5952, 5951)
650 : (2507, 2506, 2505)
651 : (3700, 3699, 3698)
652 : (3761, 3760, 3759)
653 : (1273, 1272, 1271)
654 : (1298, 1297, 1296)
655 : (1152, 1151, 1150)
656 : (1019, 1018, 1017)
657 : (607, 606, 605)
658 : (2109, 2108, 2107)
659 : (9757, 9756, 9755)
660 : (9308, 9307, 9306)
661 : (716, 715, 714)
662 : (2507, 2506, 2505)
663 : (9685, 9684, 9683)
664 : (5580, 5579, 5578)
665 : (10967, 10966, 10965)
666 : (8151, 8150, 8149)
667 : (11748, 11747, 11746)
668 : (5981, 5980, 5979)
669 : (6300, 6299, 6298)
670 : (9703, 9702, 9701)
671 : (2402, 2401, 2400)
672 : (6842, 6841, 6840)
673 : (1922, 1921, 1920)
674 : (3567, 3566, 3565)
675 : (6699, 6698, 6697)
676 : (1826, 1825, 1824)
677 : (1686, 1685, 1684)
678 : (2402, 2401, 2400)
679 : (648, 647, 646)
680 : (621, 620, 619)
681 : (4110, 4109, 4108)
682 : (6446, 6445, 6444)
683 : (43, 42, 41)
684 : (1173, 1172, 1171)
685 : (128, 127, 126)
686 : (1764, 1763, 1762)
687 : (3398, 3397, 3396)
688 : (754, 753, 752)
689 : (12295, 12294, 12293)
690 : (9712, 9711, 9710)
691 : (8875, 8874, 8873)
692 : (108, 107, 106)
693 : (7178, 7177, 7176)
694 : (641, 640, 639)
695 : (881, 880, 879)
696 : (729, 728, 727)
697 : (612, 611, 610)
698 : (4558, 4557, 4556)
699 : (770, 769, 768)
700 : (201, 200, 199)
701 : (11047, 11046, 11045)
702 : (2058, 2057, 2056)
703 : (2475, 2474, 2473)
704 : (278, 277, 276)
705 : (10180, 10179, 10178)
706 : (7382, 7381, 7380)
707 : (1121, 1120, 1119)
708 : (5796, 5795, 5794)
709 : (8079, 8078, 8077)
710 : (3798, 3797, 3796)
711 : (7110, 7109, 7108)
712 : (285, 284, 283)
713 : (3563, 3562, 3561)
714 : (1259, 1258, 1257)
715 : (1632, 1631, 1630)
716 : (3887, 3886, 3885)
717 : (587, 586, 585)
718 : (1392, 1391, 1390)
719 : (1293, 1292, 1291)
720 : (9911, 9910, 9909)
721 : (8151, 8150, 8149)
722 : (6396, 6395, 6394)
723 : (10397, 10396, 10395)
724 : (8990, 8989, 8988)
725 : (6793, 6792, 6791)
726 : (1199, 1198, 1197)
727 : (2554, 2553, 2552)
728 : (3806, 3805, 3804)
729 : (4837, 4836, 4835)
730 : (194, 193, 192)
731 : (3381, 3380, 3379)
732 : (1059, 1058, 1057)
733 : (475, 474, 473)
734 : (4765, 4764, 4763)
735 : (1131, 1130, 1129)
736 : (1254, 1253, 1252)
737 : (4372, 4371, 4370)
738 : (445, 444, 443)
739 : (882, 881, 880)
740 : (422, 421, 420)
741 : (1296, 1295, 1294)
742 : (3034, 3033, 3032)
743 : (2349, 2348, 2347)
744 : (1750, 1749, 1748)
745 : (1073, 1072, 1071)
746 : (5416, 5415, 5414)
747 : (1182, 1181, 1180)
748 : (5249, 5248, 5247)
749 : (395, 394, 393)
750 : (698, 697, 696)
751 : (2170, 2169, 2168)
752 : (13678, 13677, 13676)
753 : (3619, 3618, 3617)
754 : (1417, 1416, 1415)
755 : (2412, 2411, 2410)
756 : (126, 125, 124)
757 : (3182, 3181, 3180)
758 : (225, 224, 223)
759 : (1486, 1485, 1484)
760 : (2019, 2018, 2017)
761 : (6851, 6850, 6849)
762 : (1177, 1176, 1175)
763 : (946, 945, 944)
764 : (5240, 5239, 5238)
765 : (923, 922, 921)
766 : (5339, 5338, 5337)
767 : (1451, 1450, 1449)
768 : (72, 71, 70)
769 : (1393, 1392, 1391)
770 : (5863, 5862, 5861)
771 : (13919, 13918, 13917)
772 : (221, 220, 219)
773 : (379, 378, 377)
774 : (613, 612, 611)
775 : (1163, 1162, 1161)
776 : (6534, 6533, 6532)
777 : (3859, 3858, 3857)
778 : (3536, 3535, 3534)
779 : (736, 735, 734)
780 : (3223, 3222, 3221)
781 : (4226, 4225, 4224)
782 : (8037, 8036, 8035)
783 : (9759, 9758, 9757)
784 : (1155, 1154, 1153)
785 : (5953, 5952, 5951)
786 : (264, 263, 262)
787 : (2712, 2711, 2710)
788 : (2468, 2467, 2466)
789 : (2419, 2418, 2417)
790 : (4910, 4909, 4908)
791 : (1247, 1246, 1245)
792 : (4257, 4256, 4255)
793 : (3071, 3070, 3069)
794 : (4651, 4650, 4649)
795 : (3466, 3465, 3464)
796 : (2393, 2392, 2391)
797 : (2550, 2549, 2548)
798 : (1401, 1400, 1399)
799 : (3479, 3478, 3477)
800 : (2934, 2933, 2932)
801 : (7249, 7248, 7247)
802 : (3606, 3605, 3604)
803 : (2491, 2490, 2489)
804 : (4799, 4798, 4797)
805 : (2547, 2546, 2545)
806 : (1892, 1891, 1890)
807 : (3361, 3360, 3359)
808 : (3439, 3438, 3437)
809 : (1308, 1307, 1306)
810 : (1654, 1653, 1652)
811 : (2991, 2990, 2989)
812 : (2919, 2918, 2917)
813 : (2371, 2370, 2369)
814 : (1798, 1797, 1796)
815 : (7864, 7863, 7862)
816 : (4134, 4133, 4132)
817 : (3026, 3025, 3024)
818 : (1889, 1888, 1887)
819 : (1878, 1877, 1876)
820 : (1248, 1247, 1246)
821 : (4236, 4235, 4234)
822 : (7682, 7681, 7680)
823 : (3660, 3659, 3658)
824 : (2423, 2422, 2421)
825 : (4976, 4975, 4974)
826 : (1454, 1453, 1452)
827 : (1707, 1706, 1705)
828 : (2187, 2186, 2185)
829 : (5791, 5790, 5789)
830 : (3858, 3857, 3856)
831 : (3939, 3938, 3937)
832 : (3847, 3846, 3845)
833 : (2955, 2954, 2953)
834 : (3444, 3443, 3442)
835 : (2627, 2626, 2625)
836 : (3230, 3229, 3228)
837 : (2680, 2679, 2678)
838 : (4472, 4471, 4470)
839 : (3492, 3491, 3490)
840 : (2524, 2523, 2522)
841 : (1949, 1948, 1947)
842 : (1764, 1763, 1762)
843 : (4500, 4499, 4498)
844 : (5625, 5624, 5623)
845 : (2430, 2429, 2428)
846 : (3943, 3942, 3941)
847 : (5142, 5141, 5140)
848 : (2981, 2980, 2979)
849 : (3321, 3320, 3319)
850 : (2631, 2630, 2629)
851 : (1824, 1823, 1822)
852 : (3945, 3944, 3943)
853 : (3707, 3706, 3705)
854 : (5898, 5897, 5896)
855 : (1548, 1547, 1546)
856 : (1362, 1361, 1360)
857 : (5760, 5759, 5758)
858 : (1157, 1156, 1155)
859 : (1704, 1703, 1702)
860 : (1564, 1563, 1562)
861 : (1126, 1125, 1124)
862 : (4697, 4696, 4695)
863 : (3832, 3831, 3830)
864 : (1146, 1145, 1144)
865 : (1944, 1943, 1942)
866 : (1630, 1629, 1628)
867 : (8261, 8260, 8259)
868 : (828, 827, 826)
869 : (2979, 2978, 2977)
870 : (1962, 1961, 1960)
871 : (1297, 1296, 1295)
872 : (878, 877, 876)
873 : (1186, 1185, 1184)
874 : (1074, 1073, 1072)
875 : (984, 983, 982)
876 : (1115, 1114, 1113)
877 : (1408, 1407, 1406)
878 : (329, 328, 327)
879 : (1558, 1557, 1556)
880 : (844, 843, 842)
881 : (83, 82, 81)
882 : (504, 503, 502)
883 : (264, 263, 262)
884 : (232, 231, 230)
885 : (2330, 2329, 2328)
886 : (6635, 6634, 6633)
887 : (987, 986, 985)
888 : (1006, 1005, 1004)
889 : (1006, 1005, 1004)
890 : (771, 770, 769)
891 : (979, 978, 977)
892 : (9800, 9799, 9798)
893 : (6900, 6899, 6898)
894 : (4934, 4933, 4932)
895 : (159, 158, 157)
896 : (162, 161, 160)
897 : (156, 155, 154)
898 : (1315, 1314, 1313)
899 : (451, 450, 449)
900 : (3187, 3186, 3185)
901 : (788, 787, 786)
902 : (1053, 1052, 1051)
903 : (3310, 3309, 3308)
904 : (1344, 1343, 1342)
905 : (531, 530, 529)
906 : (237, 236, 235)
907 : (311, 310, 309)
908 : (755, 754, 753)
909 : (416, 415, 414)
910 : (418, 417, 416)
911 : (383, 382, 381)
912 : (492, 491, 490)
913 : (977, 976, 975)
914 : (329, 328, 327)
915 : (864, 863, 862)
916 : (115, 114, 113)
917 : (250, 249, 248)
918 : (155, 154, 153)
919 : (361, 360, 359)
920 : (146, 145, 144)
921 : (127, 126, 125)
922 : (175, 174, 173)
923 : (352, 351, 350)
924 : (649, 648, 647)
925 : (273, 272, 271)
926 : (742, 741, 740)
927 : (638, 637, 636)
928 : (347, 346, 345)
929 : (594, 593, 592)
930 : (414, 413, 412)
931 : (82, 81, 80)
932 : (66, 65, 64)
933 : (92, 91, 90)
934 : (216, 215, 214)
935 : (175, 174, 173)
936 : (19, 18, 17)
937 : (20, 19, 18)
938 : (81, 80, 79)
939 : (124, 123, 122)
940 : (60, 59, 58)
941 : (153, 152, 151)
942 : (210, 209, 208)
943 : (103, 102, 101)
944 : (78, 77, 76)
945 : (360, 359, 358)
946 : (92, 91, 90)
947 : (67, 66, 65)
948 : (62, 61, 60)
949 : (282, 281, 280)
950 : (141, 140, 139)
951 : (114, 113, 112)
952 : (127, 126, 125)
953 : (18, 17, 16)
954 : (16, 15, 14)
955 : (2276, 2275, 2274)
956 : (6471, 6470, 6469)
957 : (281, 280, 279)
958 : (126, 125, 124)
959 : (2511, 2510, 2509)
960 : (449, 448, 447)
961 : (315, 314, 313)
962 : (1903, 1902, 1901)
963 : (513, 512, 511)
964 : (203, 202, 201)
965 : (3354, 3353, 3352)
966 : (4789, 4788, 4787)
967 : (6765, 6764, 6763)
968 : (1340, 1339, 1338)
969 : (1284, 1283, 1282)
970 : (251, 250, 249)
971 : (1006, 1005, 1004)
972 : (231, 230, 229)
973 : (964, 963, 962)
974 : (2768, 2767, 2766)
975 : (941, 940, 939)
976 : (545, 544, 543)
977 : (1557, 1556, 1555)
978 : (2475, 2474, 2473)
979 : (594, 593, 592)
980 : (1210, 1209, 1208)
981 : (6969, 6968, 6967)
982 : (1593, 1592, 1591)
983 : (1816, 1815, 1814)
984 : (825, 824, 823)
985 : (651, 650, 649)
986 : (3758, 3757, 3756)
987 : (51, 50, 49)
988 : (5173, 5172, 5171)
989 : (5878, 5877, 5876)
990 : (891, 890, 889)
991 : (1350, 1349, 1348)
992 : (1160, 1159, 1158)
993 : (3041, 3040, 3039)
994 : (1878, 1877, 1876)
995 : (10185, 10184, 10183)
996 : (7485, 7484, 7483)
997 : (2768, 2767, 2766)
998 : (1270, 1269, 1268)
999 : (3597, 3596, 3595)
